ID	apKa1	bpKa1	atoms
115		8.86	2
146	5.45	6.20	26,10
147	5.95	4.68	8,16
173	3.80	-2.27	13,18
241	5.76	8.68	1,16
246	5.77	8.68	8,21
543		10.01	3
619	8.85	0.10	24,10
635		3.27	7
666	5.68	-4.56	22,10
717	11.95	-4.04	3,3
721		2.92	6
860	9.13	-5.96	11,11
892	15.23		11
921	9.47	-9.05	3,1
923	9.96	-3.04	57,62
924	9.96	-2.94	33,56
1063		-2.93	15
1085	7.94		16
1096	7.51	-1.93	16,8
1124	7.21	-3.64	14,7
1125	6.93	-3.32	13,6
1159	10.99	2.27	11,1
1216	17.33	7.16	11,9
1223	3.30	2.40	1,28
1279	14.08	9.67	7,4
1280	3.41	-7.14	13,3
1620	14.16	6.53	10,12
1712	5.69	8.73	27,8
1795	5.45	6.20	27,11
1991	5.14		11
2045	9.09	-2.68	1,9
2046	4.25	-1.52	10,12
2080	17.22	7.77	6,4
2095	6.93	2.04	11,1
2130	6.99	2.01	7,15
2131	6.99	2.01	11,1
2208	5.00		10
2247	6.16	1.97	6,14
2261	15.90	7.75	17,2
2265	6.99	2.04	8,16
2327	8.48		11
2408	8.75		8
2431	8.83	3.67	14,2
2465	11.65	1.89	8,12
2484	5.80	2.17	6,14
2524	8.48		11
2525	4.30	2.14	4,12
2654	2.80	-4.96	15,11
2994	4.42	-4.84	17,8
3183	15.39	7.34	8,3
3345	10.80	-4.85	27,33
3730	1.73	9.85	15,3
3784	9.21	-6.25	10,8
3859	13.96	8.05	1,5
4193		-4.82	21
4345	12.45	5.06	19,5
4496	9.34	-4.89	9,23
4730	10.14	-4.91	5,5
4775	14.02	-3.23	25,25
4941	13.61	3.35	2,8
5028	11.59	-6.45	19,8
5582	4.32	-1.36	24,11
5638	10.15	8.99	23,2
5772	7.42	1.62	9,7
5797	12.45	4.99	23,3
5970		8.93	22
5975	9.35	4.16	25,12
6216		9.20	2
6317	11.69	4.28	8,15
6480	1.76	-3.39	20,3
6723	13.78	7.75	9,3
7494	4.66	-0.87	28,16
7714		8.76	6
8062	10.36	-1.18	5,52
8130	4.35	-1.63	29,8
8167	5.15	-7.38	1,1
8193	7.34	3.28	1,12
8516	4.33		7
8531	14.08	9.76	9,5
8543	14.09	9.67	7,4
8838		10.01	3
8873	3.58	9.11	83,53
8917		6.77	13
9097	10.96	-3.05	58,13
9217	8.84	-5.49	4,4
9495	14.91	-2.84	31,31
10009		-7.98	4
10840	11.96	-5.34	4,12
10898	13.30	-5.35	9,6
11002	4.46	1.72	1,13
11305	8.91	-3.52	1,12
11674	4.85		15
11819	10.98	-4.98	13,13
11968	2.27	1.01	3,23
12417	7.03	-1.00	7,8
12428	12.43	9.57	23,57
12465	3.30	7.92	25,9
12506	12.44	8.38	45,46
12825	18.92	-4.82	13,17
13329	9.68	-5.89	1,1
13342	4.54		4
13474	9.94	-4.81	7,2
13494		6.62	24
13590	0.91	6.80	13,6
13618	16.47	-2.16	3,3
13758	12.71	2.56	1,6
13928	5.00		6
13949	16.14	7.91	31,13
14125	4.30	-1.63	29,8
14406		6.61	10
14440	15.06	-1.16	27,29
15086	15.96	-3.75	1,3
15217	5.14		10
15990	0.27	9.43	25,1
16303	17.69	-4.32	7,2
16308	4.42		5
16415		-4.92	9
16450	9.46	-4.36	9,3
16485		-0.92	8
16505	15.59	8.21	1,4
16506	10.61	-1.47	1,3
16510	4.09	-8.13	15,3
16584		9.20	2
16591	3.88	-7.46	5,13
16592	5.62	-2.77	12,8
16654			
16656	2.79	4.19	1,8
16959	10.61	-2.24	1,3
17025	17.26	-1.81	4,4
17169	13.61	8.47	34,20
17347	13.61	2.39	19,36
17411	15.88	1.86	1,3
18694	10.70	-0.42	22,11
19344	12.94	-7.16	3,5
19469	12.88	-3.73	4,4
19915		8.77	9
20346		10.54	6
20496	1.99	0.40	3,19
20881	3.82	-2.00	11,3
21459	10.11	8.88	1,9
21523	4.29	-1.08	31,18
21697	14.84	-6.99	16,14
21845	15.75	9.04	9,4
22391	14.68	-0.95	15,7
22641	10.29	-5.08	17,17
23199		10.01	4
23522	13.06	-0.67	1,6
24418	13.61	8.47	34,20
24806	3.39	-4.87	27,13
26280	14.45	-1.17	4,9
26386	3.47	9.39	19,24
26431	4.73	-4.21	18,11
26590	10.28	4.08	5,7
27029	19.64	-0.93	12,17
27111	11.24	9.54	2,16
27152	12.42	-3.33	28,32
27229	12.58	-3.33	25,29
27251		8.89	17
27307	9.96	-2.98	20,16
27308	12.71	2.27	12,16
27340	7.59	-2.79	5,1
27370	12.58	-2.85	26,6
27419	18.08	4.32	6,7
27570	13.59	9.76	8,5
27575	12.58	-2.85	12,22
27604	7.37	9.54	4,2
27609		9.34	9
27610		6.67	2
27626	10.33	-0.88	14,24
27648	18.30	5.08	6,7
27912	15.42	2.57	12,3
27986		3.92	20
28310		-0.30	3
28331		-4.93	10
28699	0.69	9.91	15,2
28768	0.67	9.86	11,3
28939	9.63	8.96	14,4
28976	9.69	8.91	13,2
29090		4.54	8
29637	8.44	3.93	14,7
29989	3.89	-1.58	16,7
30072		8.77	9
30180	12.59	-2.97	8,1
30602	4.21	-2.72	37,29
31241	10.33	-1.66	14,23
31289		8.95	5
31422	13.61	-2.97	4,1
31491	3.75	-0.12	32,5
31804			
31811	10.73	-6.60	8,10
31857	19.03	-7.24	5,4
32027		8.42	17
32842	6.24	2.63	11,17
32869	3.89	9.79	7,1
33202	2.02	5.87	11,1
33216	5.00		10
33254	16.84	-1.99	17,17
33307	14.87	9.66	20,21
33576	13.80	9.13	7,27
33679	14.53	0.33	20,7
33727	4.88	-7.50	3,1
33809	4.50	-4.82	9,2
33889	10.17	1.97	23,3
33986	14.29	0.21	16,3
34094	10.12	9.40	13,5
34197	14.17	7.64	16,2
34608	17.82	-4.90	24,30
35271	4.83	-2.71	36,4
35486	15.02	-2.79	1,1
36662	14.03	8.74	15,12
36864	9.96	3.72	7,3
37266		8.39	2
37309	13.78	9.19	16,25
37316	13.39	-1.53	31,12
37493		-5.61	4
37820	8.94	-5.45	5,5
38569	7.20	-7.96	14,11
38588	8.73		14
38727	14.98	5.87	1,3
38898	16.44	4.57	1,3
39624	13.00	-4.53	9,11
39857	9.84	-1.75	1,7
40536	3.81	1.59	8,2
41644	-0.10		9
43740	4.21	8.36	6,1
43952	16.29	7.30	16,11
44010	2.31	9.24	5,1
44920	15.17	-4.23	12,31
46385	11.61	3.86	1,6
46726	4.33		8
46727	4.00	-1.05	26,13
47340		8.76	18
47675	8.06	-2.98	18,1
48701	1.05	1.76	16,3
49842		9.09	11
49869	19.40	-7.40	5,4
50440	14.42	-0.51	27,14
51042	17.62	1.08	7,9
51056	4.19	-4.83	18,2
51182	12.55	-0.06	21,3
52087	12.81	-3.72	6,5
53686	10.51	-3.51	14,7
54149	19.53		14
54547	14.75	9.00	11,2
56131	4.07	1.61	11,15
56644			
56831		8.94	2
57175	5.50	8.59	8,21
58232	17.11	10.20	6,12
59519		7.58	2
60232	6.65	-1.00	7,8
61680	-1.88	4.14	30,10
61682	2.77	4.26	23,5
61945	13.60	3.99	6,11
62111	15.48	8.43	6,21
62615	6.49	-3.84	14,12
62701	5.62	6.53	17,25
63100	11.59	1.56	15,1
63252	14.39	-1.25	28,10
63445	14.47	9.89	13,4
63649	11.61	2.31	17,1
64200	7.68	-3.76	1,9
65351	5.75	8.79	30,10
65415	1.29	9.51	20,1
65494	14.67	0.47	16,3
65728	11.50	-6.17	6,5
65798	4.40	-1.86	1,16
66016	11.18	-8.14	4,6
67010	10.06	0.42	22,4
68396	3.57	-4.07	23,13
68607	9.33	-3.69	11,40
68817	2.85	1.76	17,12
69277	12.09	9.42	7,33
70239	11.79	-1.98	4,5
72036		6.75	25
72430	3.79	-3.63	18,9
73547	4.56	10.22	13,1
73548	9.54	-1.64	24,3
74284	16.70	5.05	16,14
74911	14.29	-3.11	17,17
76963	9.86	10.70	11,19
77474	3.53		19
77652	2.69	-6.31	1,10
78303	9.73	7.97	18,3
78902		9.09	14
80209		9.76	2
82047	2.27	-4.16	29,20
82983	7.68	-2.98	18,1
83000	11.75	-7.84	4,3
83044	1.46	-9.66	3,11
83515	18.59	5.13	21,22
83838	0.66	6.67	11,7
84251	9.46	-3.48	91,86
84482	2.00	9.19	14,1
84624	3.49	2.64	26,3
84644	6.24	-1.88	19,15
85233	9.39	6.82	24,9
85305	2.15	9.31	11,1
85649			
86042	14.97	3.54	1,29
86284		4.87	16
86784		6.90	11
88100	13.68	2.84	38,16
88232	16.11	6.85	10,26
88316	4.63	9.91	7,1
88739	12.47	-2.00	6,8
88841		4.08	27
89357		8.96	4
91369		-7.03	5
91783	9.93	-1.42	22,9
92412	5.94	-1.07	15,7
92458	9.06	-2.54	11,9
93117	4.01	-7.82	5,13
93617	5.80	-0.43	12,28
93895	11.33	-0.45	9,4
94408	4.43	-1.63	28,9
94571			
95909	10.68	-1.40	6,7
95969		3.06	14
95970	18.88	2.33	5,10
95978	8.48		15
96021		8.67	11
96107	8.21	-7.81	3,19
96595	-1.16		2
98346		4.26	3
99024	19.38	-0.60	23,1
99389	15.17		10
100157	13.62	-2.97	12,14
100310	3.10	-4.93	22,4
101810		-6.75	11
101924	18.59	-4.12	44,50
102073	15.73	-2.37	1,3
104574	16.44	-2.17	5,5
105252	13.35	-3.33	28,37
107119	9.95	-2.96	16,11
109797	7.40	4.12	30,7
110803		4.33	24
111390	4.07	-6.72	5,4
111491	3.32	-2.57	17,2
112090	11.82	-2.56	10,10
112480	2.06	11.01	11,5
112655	1.65	9.06	15,1
112665	3.18	4.15	22,4
113138	12.49	4.13	13,22
116349	4.23	1.72	42,5
116949	3.65	6.13	29,5
117108	9.10	-5.96	11,11
119162	15.82	1.83	1,19
119498	4.07		18
119640	13.24	0.12	4,11
119717		-9.65	6
121124	8.12	10.40	22,15
122901	12.90	8.49	9,5
123693	4.00	-2.08	2,12
125294	18.38	-1.32	23,23
126356		2.39	1
127755	4.73	10.21	9,1
127845		-4.86	36
134100	8.32	-4.06	11,9
134333	8.58	-2.59	14,16
136161	4.80	10.23	12,8
136282	1.80		6
138562	14.91	-2.84	31,31
139014	12.92	-4.30	11,3
139045	4.00	-0.56	22,6
139210	19.59	-4.83	13,2
139225	4.95	-0.59	1,16
139281	4.69	2.70	25,5
139286	4.32	0.06	22,7
141484	4.61	9.91	7,1
143284	3.23	7.43	29,14
149095	12.45	4.99	23,3
150313	12.61	-2.85	9,30
150389	13.84	9.32	2,6
150451	14.98		1
150452	7.77	-7.09	9,9
150549	4.30	0.87	22,10
150882	13.62	8.00	13,5
150941		-3.47	3
150989			
151300	11.69	-6.69	8,7
151310		-2.41	8
152751	12.72	6.75	22,13
153330	6.90	2.43	11,1
154051	3.59	2.48	17,8
155006	13.51	7.46	24,10
155045		8.83	18
158276	8.89	7.95	2,28
161281	10.11	8.87	10,2
167260	3.53	-2.76	27,12
167875	8.59	-6.09	12,12
169321	7.60	-2.98	17,1
169652	5.01	-4.82	18,2
170395	11.53	8.77	15,4
171062			
171587	4.77	8.38	12,31
175106	9.48	-3.04	24,1
175447	13.39	3.63	1,8
178495	9.72	-4.29	11,11
178545	3.09		1
180329	5.92	4.20	7,13
181939	4.20	-3.57	12,8
182546	12.61	-2.85	9,30
187372	8.64	-0.70	29,24
187696	13.84	-3.10	23,32
187962	17.59	-1.66	24,24
188457	2.96	-2.12	30,13
188815	3.07	10.91	12,20
189203	3.75	5.20	35,16
190484	3.68	2.19	8,1
190629	19.09	-4.81	15,19
191342		9.73	10
193096	9.58	-0.52	5,3
193281	18.24	7.41	17,8
195974		-7.01	4
196215	13.00	9.55	20,2
199357	1.80		1
202450	16.37	7.62	19,14
204115	6.71	1.95	6,14
208749	13.51	8.82	9,4
209829		8.56	25
210388	5.76	8.68	2,17
213505	9.32	8.18	4,26
214701	4.93	-3.10	8,4
221962	15.82	-1.36	5,4
222633		2.58	11
224581	18.38	-0.98	23,10
226400	3.53	-2.76	27,12
226880	3.68	8.63	25,11
227437	13.84	-2.12	10,16
227917	6.83	-0.73	11,9
229058	11.53	8.77	14,3
229172	3.37	9.03	20,25
230249	15.06		10
230444	7.92	10.23	33,39
230691	4.15		1
230966		-6.90	1
230999	18.10	-3.71	12,19
233590	4.32	2.09	11,1
235211		-1.99	16
238127		-4.72	4
238429		-4.98	4
240769	3.05	-4.19	13,6
244450	3.99	-4.83	31,2
248669	3.68	4.82	34,23
249414	15.01	-4.47	4,9
249814	17.35	9.49	19,4
250297	11.55	9.18	2,18
250508		9.68	10
250908		5.40	11
252155	16.09	-1.56	13,10
252768	14.10	9.78	12,5
253862		-4.96	7
255347	16.15	9.29	26,4
255373			
258371	10.03	10.97	18,4
259959		8.41	4
261343	15.82	2.13	5,4
263453	13.34	-3.53	1,1
264400	3.86	-4.16	10,5
264453	4.42		5
267825	5.44	-6.47	15,13
270724		10.32	3
271725	4.00		43
281549	3.49	-7.79	14,19
283529	9.00	6.21	12,31
289505		12.23	3
293438	12.74	-1.44	37,39
304381	6.05		5
304383	4.54		5
304390	3.05	-4.19	16,4
304398	4.08		2
304417	3.78	-3.67	7,4
304798	10.32	-0.88	36,46
305519	3.24	7.44	28,14
308201	9.40	5.58	12,3
311242	1.80		6
311503	6.05		3
313314	13.74	-2.85	36,27
314132		12.13	3
315123	9.39	-2.17	9,9
316787	1.44	9.61	27,1
317124	8.84	-4.36	4,3
321696	10.34	2.40	18,23
328153	16.30	-1.66	17,23
328158	9.91	-4.85	1,6
328164	17.91	-1.53	25,25
328201	18.01	-4.88	7,11
328400	19.09	-0.53	11,3
328601	13.60	-1.60	9,14
334337	14.83	3.93	8,24
337366		2.25	12
338934	10.61	-4.84	13,15
340684	6.16	-0.53	11,6
341382	13.60	7.17	21,14
342897	10.33	-5.45	14,14
345595		9.16	12
345872	15.12	-2.75	41,41
353011	6.84	-6.19	7,5
353902			
355897		8.89	17
355917	10.87	8.86	40,53
360720	12.44	-0.91	23,7
361469	8.52	7.22	5,28
364141	12.90	8.38	21,12
364520	19.09	-0.88	10,25
364859	6.66	-1.48	3,14
365189	6.90	7.53	15,58
365248	19.46	-4.12	11,2
365281	12.42	-3.33	28,32
365284	10.16	1.76	18,3
365538	10.16	1.85	16,3
366271	9.96	-2.98	18,14
366278	8.19	6.78	24,3
366279	11.09	-3.72	15,8
368538	7.76	-7.97	7,9
369179	2.56	9.09	10,7
372438	4.43	-3.31	43,34
373806	3.25	11.93	20,14
373856	2.86	0.73	23,8
373970	2.51	8.59	36,20
373985	2.84	6.24	17,2
374005	11.89	5.00	11,8
374037	2.98	9.59	128,114
374052	12.58	-2.85	18,28
374548		2.17	20
374719	12.52	-1.49	9,9
377715		9.47	13
377718	13.60	-2.99	24,3
378218	6.89	-4.43	1,10
378315	5.67	-6.88	20,20
381643	3.61	9.11	83,53
381691	11.75	-3.32	28,26
381693	7.82	-0.78	10,8
386327		7.75	5
386457	9.76	6.19	13,26
390877	8.93	0.63	16,12
393942	8.31	-2.31	6,9
394229	5.67	-6.88	6,6
394231	4.85	-6.82	1,16
394539	-3.03		3
395607	8.35	-0.26	8,5
397074	5.98	9.14	18,25
397524	13.12	-1.61	14,10
399361	8.18	3.51	17,10
399873		9.86	35
401141	13.56	-3.39	31,31
402531		-2.82	11
404691	4.60	-0.54	8,19
405364	17.59	0.25	26,6
405365	19.46	-6.64	9,22
405366	4.32	-3.68	22,36
406787	9.51	4.27	16,9
407354	4.33	-2.74	44,36
416772	12.94	1.70	37,6
417163	18.59	5.12	23,24
418344	9.05	-4.48	13,15
418401	12.55	-0.38	21,8
418414	19.12	9.45	13,12
419410	13.40	-3.33	31,38
419508	7.18	0.24	62,56
419542	13.55	-3.39	37,37
419596	19.44	-6.63	8,4
419601	9.29	4.77	9,16
419622	13.40	-3.33	26,35
420999	7.97	-3.42	22,30
421032		-4.95	6
421038	10.33	-5.45	21,21
421058	13.73	-2.85	37,28
421066	4.29	4.08	29,6
421089	10.41		5
421157	2.74	5.77	19,2
421208	8.09	-2.92	8,7
421317	3.80	5.21	36,16
421332		0.30	20
421334	9.61	6.92	20,2
421902		-3.69	19
425650	19.55	-0.81	11,11
426045	3.17		1
426067	13.40	9.23	2,7
427328	10.35	-4.30	22,15
428747	17.99	-1.49	26,26
428791	9.56	-0.97	18,14
429174	17.99	-1.49	25,25
429204	6.97	-2.61	9,14
430124	18.38	-1.32	25,25
430250	2.26	6.08	31,2
430546	6.12	2.55	8,4
430642	3.45	2.92	30,8
431141	8.65	4.00	15,9
431376	17.80	4.89	26,2
433015	0.30	9.48	24,1
435293	3.71	10.66	22,5
437211	15.50	5.54	13,3
438435		4.81	26
439720	12.61	-2.85	18,37
441571		-7.22	26
442013	4.60	-0.54	8,19
443255	14.81	8.91	18,9
443348	4.36	-2.98	13,1
444077	10.01	9.27	11,2
444191		7.24	7
444419		6.77	17
444750	4.02	-1.26	16,7
445395	15.15	9.39	18,2
445681	12.90	7.60	8,4
446279	8.00	9.17	37,27
446313	11.32	7.67	7,45
447448		8.87	3
448986	11.23	7.03	29,48
450864	11.46	9.04	20,3
452635		10.71	2
453121	18.84	-5.00	10,14
453532		10.25	4
453538	15.37		1
453564	9.29	-3.40	20,6
453573		-7.08	10
453578	13.00	6.54	18,14
453721	16.06	8.21	1,19
453722		-1.26	5
453832	9.31	-3.14	25,11
454070	4.31	-7.42	13,3
454250	4.35	-2.79	16,5
454382	9.58	-2.76	4,1
454576	3.46	7.60	27,16
454578	2.99	4.69	29,3
455284	2.84	6.24	18,3
456266	8.00	9.83	25,21
457400	3.98	0.53	25,8
458912	9.47	-9.05	4,2
460092	11.11	3.70	11,24
460466	3.54	9.51	19,24
462435	8.00	9.93	37,27
465356	7.15	-3.20	88,82
466038	9.26	7.80	21,3
466768	6.01	6.85	18,54
466810	3.30	-1.73	37,5
467361	13.89	0.78	17,9
468199		8.87	3
468656	13.74	8.76	29,6
469217	3.38	2.12	29,10
469732	7.07	-4.85	16,2
470800	7.02	-1.74	33,20
474532		10.53	28
476314	9.12	10.23	26,4
478059	3.63	-3.24	29,18
479129	12.30	7.15	13,2
480382	11.52	-0.94	19,4
482031	-4.15	2.38	33,19
485100	13.17	8.27	22,2
485738	11.88	-1.17	1,5
485902	3.45	7.43	28,16
486421	-0.94	2.66	44,14
486789	19.45	-3.35	8,18
487711	12.60	-3.85	9,9
487777	13.40	-3.33	23,35
490427	10.85	8.66	41,9
490981		9.48	2
494233	11.02	-2.98	8,1
494630	0.68	4.91	18,9
495572		1.23	10
496910		9.47	2
497231	1.80	0.39	43,25
497291	7.01	7.98	15,58
498105			
501035	14.56	9.57	19,16
503213	16.29	7.30	16,11
503697		10.32	4
504310			
505776	14.09	9.67	8,5
506444	10.82	4.12	7,3
508441		-7.04	17
508532	13.56	-3.10	25,34
508604		8.95	10
508667	17.02	8.62	8,13
513206	11.31	-3.53	7,1
513323	12.59	-2.97	8,1
515027	13.75	-2.85	35,28
515239	9.04	-3.09	1,9
518361	10.43	9.67	15,20
522483	8.59	8.05	19,39
524710		10.25	4
529987	15.59	9.76	6,3
543171	13.79	9.46	2,9
543228	14.09	9.67	8,5
543263	17.69	6.38	3,5
543306	14.41	9.38	19,17
543658		9.20	3
543703	17.43	7.44	7,4
544432	3.53	5.36	32,17
544765	4.14	9.26	21,12
545075		10.02	3
545509	12.86	8.18	27,22
545956	18.29	8.22	3,4
545974		10.70	12
546564	10.07	9.43	13,5
547402		8.16	10
547576		9.80	3
547681		12.33	6
547764	3.17	10.21	32,25
547836	17.66	10.31	13,5
548124		9.34	10
548594		10.19	4
548913	13.96	9.41	14,10
549367		9.77	13
549372		9.85	3
549674		10.14	4
549698		8.39	3
550053	9.81	8.96	15,5
550155	13.18	7.09	9,15
550303		9.20	3
550657	18.78	7.45	8,3
550857	5.96	5.36	22,25
550917		8.05	3
551003		7.31	10
551147	10.07	7.84	2,10
551224	3.78	9.76	24,3
551486		7.97	20
552883		9.09	12
553490	14.64	7.30	22,7
554127	11.05	-4.53	14,14
554800	11.09	-1.66	6,12
554892	19.44	-6.64	8,4
556608	10.42	9.63	24,32
557467	5.64	8.70	9,20
557938	3.76	-1.28	34,9
559106	16.75	7.87	44,32
562404	10.35	-4.83	2,2
563318	13.19	7.37	38,11
563573	2.16	-3.90	19,4
564291	8.98	5.99	11,30
564990	4.55	0.19	1,13
567201	12.99	-3.41	33,27
570147	12.46	8.38	45,46
573926		-3.93	2
575670	4.81		2
577488	12.54	9.83	36,13
580438	1.49	8.13	22,7
581569	12.71	0.76	21,9
581814	7.15	-2.98	64,50
581819	13.91	-0.97	13,8
582303	14.43	9.69	24,40
583519	13.84	9.45	2,6
583522	9.07	-2.74	1,9
583530		9.42	20
591037	13.44	-3.30	23,32
594843	15.34		12
595277		8.96	18
596044		6.98	8
597282	3.66	-2.99	14,2
598447	8.23	-3.63	9,26
602271		10.12	20
604618	13.59	-3.40	7,7
604622	10.87	8.72	38,51
604643	3.11	-6.32	31,25
610112	3.63	10.88	18,22
611647	16.14	4.59	14,10
611679	13.14	-4.85	12,8
624161	1.34	0.59	21,9
624171	2.13	-1.68	19,5
624185	5.39	-3.42	22,31
624251	17.58		6
624296	10.92	-1.19	7,3
626453	15.11	-4.18	7,17
627419	15.70	-1.80	1,1
630396		5.14	7
630439		8.47	25
630886	13.05	-1.55	2,4
631502	10.12	9.40	9,13
631810	10.12	9.40	9,14
641189	13.63	-3.39	29,29
642083	8.86	9.76	12,5
645898	12.10	9.79	34,1
646450	14.47	-2.69	17,28
647206	3.08	0.39	22,15
674272	5.80	2.17	6,14
674273		9.78	2
674274	8.05	9.80	20,12
674275	15.50	2.42	15,16
674277	19.47	8.18	9,27
674278	10.42	9.57	17,24
674279		9.70	3
674280		7.49	14
674281		6.61	11
674282	1.25	-4.31	10,4
674283		10.54	3
674285	12.90	6.73	7,24
674286	19.09	-4.81	19,23
674288	14.09	9.67	12,14
674289	19.51	5.62	6,13
674290	9.07	9.69	13,3
674291	14.03	9.31	18,24
674292	16.51	10.40	12,5
674293	12.47	-2.85	30,25
674294	3.79	5.48	26,6
674295	3.31	-1.88	33,16
674296	3.55		9
674298	16.31	-3.34	12,11
674299		6.78	17
674300	10.42	9.57	12,19
674301	2.03	-3.37	3,15
674302	6.99	2.01	12,2
674304	2.16	-3.90	36,21
674305	-1.05		20
674307	3.30	8.45	26,13
674308	2.92	-1.73	12,37
674309	4.55		2
674310	7.06	1.98	7,15
674311		10.35	5
674314	14.09	9.76	9,5
674316	2.70	4.24	15,2
674317	3.45	7.44	29,18
674318		-8.20	6
674319	4.16	-1.30	1,23
674320		3.89	5
674321		-7.17	1
674322	14.54	10.42	19,2
674324	3.00	4.29	30,5
674325	19.96	-5.04	23,15
674326	1.49	8.13	23,8
674327	13.40	-3.33	23,40
674328		10.01	3
674330		9.71	8
674331	10.16	1.85	4,17
674332	2.41	11.94	14,8
674333		9.16	25
674334		9.54	2
674335	13.64	-3.39	37,37
674336	8.97	9.76	15,6
674337	14.82	-2.85	28,28
674338		10.01	3
674339	3.75	-0.41	34,6
674340		9.56	16
674342	14.16	8.95	4,1
674343		8.87	2
674344	5.88	8.77	17,8
674345	2.49	9.24	23,18
674346		8.87	2
674347	13.62	8.00	14,6
674348		9.23	3
674349		6.78	17
674350		7.62	18
674351	9.84	3.87	14,10
674352	10.42	9.63	25,33
674353	19.12	9.45	13,12
674354		8.04	11
674356	14.00	9.59	28,30
674357		8.87	2
674358	8.58	9.40	17,3
674359	9.54	3.55	24,7
674360	13.78	7.75	11,5
674361	15.03	5.60	14,3
674362	13.24	10.17	19,5
674363	19.28	-4.73	10,14
674364		10.17	6
674367	4.30	2.14	5,13
674369	10.14	9.27	10,13
674370	15.34	6.65	7,13
674371		6.57	4
674374	2.16	-3.90	20,5
674375	0.09	9.59	27,9
674376		8.13	3
674377		9.34	4
674381	19.38	-0.88	17,17
674383	9.29	7.22	17,9
674385	11.44	2.44	8,10
674386	10.12	9.40	14,5
674387		-0.53	3
674389		6.77	11
674390	2.65	-1.67	2,8
674391	13.62	7.25	11,3
674393		9.42	4
674395	8.79	9.59	17,9
674397		8.76	3
674398	9.81	8.96	14,4
674399	1.03		6
674400	11.73	-3.39	9,31
674401		8.64	12
674404	16.84	-1.99	23,23
674405	10.16	7.48	23,7
674406	11.73	-2.95	16,21
674407	-3.03		3
674409	3.05	-4.19	16,4
674410	1.80		6
674412	13.77	8.14	13,19
674414	4.95	-0.59	2,17
674415		8.96	18
674418	2.38	-6.32	27,42
674419		-6.82	5
674420		9.20	3
674421	9.68	4.77	8,17
674422	8.24	-5.76	2,2
674423	18.93	2.59	14,9
674424	14.19	8.42	18,3
674425	2.52	6.22	31,3
674426	8.00	9.17	36,26
674428	8.35	-0.26	9,6
674429	15.88	8.36	15,17
674430		8.96	4
674433	3.38	-1.73	29,35
674434		8.22	4
674436	11.55	2.03	16,32
674438	2.80	-4.96	16,12
674442		9.31	2
674443		7.09	10
674444		9.08	3
674445	12.94	6.65	5,4
674446	3.66	-2.85	30,36
674448		8.51	11
674449	5.41	8.09	31,4
674451	13.85	-3.30	37,37
674454	9.68	6.71	36,17
674455	2.03	-3.37	18,30
674456	12.49	9.13	45,46
674457	12.44	8.38	45,46
674459	2.13	-1.67	47,21
674461	12.44	8.38	65,66
674463	11.71	9.47	39,30
674465			
674466	16.37	7.42	16,11
674468	9.71	8.39	28,2
674469	12.23	9.94	13,24
674470	15.56	8.07	26,23
674472	17.14	9.55	8,2
674473	6.55	-4.84	13,2
674474	3.03	0.26	31,4
674478	19.02	-4.11	52,61
674481	3.59	-3.84	25,7
674482		7.50	10
674483		8.81	3
674485	3.46	5.20	40,17
674489	12.44	-3.39	28,23
674490	6.05		2
674491		7.91	2
674492	10.78	-3.62	10,12
674493	17.18	-4.81	5,21
674494		8.88	9
674495	3.45	7.44	28,17
674496	13.55	-3.39	25,25
674498	15.70	-1.80	1,1
674500		9.65	38
674501		9.24	22
674510	3.78	-3.67	6,3
674511	17.29	8.18	8,7
674512	12.67	7.24	24,6
674513	13.75	-2.85	36,29
674514	4.05	5.58	25,7
674515	9.72	10.40	20,8
674518	2.83	5.77	27,18
674519	2.70		2
674520		-0.92	8
674521	12.65	9.11	12,2
674523		-0.78	1
674525	3.09		1
674529	7.82	-0.78	11,9
674531	1.70	-0.06	3,7
674532	2.17	-4.24	19,4
674533	4.05	7.84	10,2
674535	3.68	2.19	9,2
674536	10.23	-0.53	16,3
674537	13.51	8.82	10,5
674538		8.39	2
674540	2.79	8.36	37,3
674541		8.16	10
674543	17.19	-4.81	8,24
674545		12.02	3
674546		10.24	5
674547	6.95	3.40	1,12
674548	13.62	8.59	13,5
674549	1.49		14
674550	3.38	9.41	2,8
674551	12.65	-3.39	12,21
674552	11.55	9.18	3,19
674553		8.71	4
674555	15.18	5.02	15,8
674556	11.05	-4.53	2,2
674557		9.52	4
674558			
674559		-4.82	18
674560		9.77	17
674561	3.13	7.44	21,2
674562	13.56	8.21	25,10
674563	14.57	9.04	12,15
674564	3.96	-7.78	18,10
674565	11.72	-2.55	15,1
674567	6.49	-3.84	15,13
674568	18.76	-0.21	16,29
674569	4.04	9.01	7,19
674570	15.41	2.57	19,23
674572	5.53	9.53	19,10
674573	14.81	-1.03	26,12
674574		-0.27	4
674575		-6.73	3
674576	-7.00		1
674578		-7.06	1
674579	2.99	9.93	85,109
674580		9.65	44
674581	2.35	9.05	9,2
674582	2.38	-6.32	22,37
674585	7.18	0.24	64,58
674586	12.61	6.43	15,4
674587		9.76	3
674588	1.18	-3.39	37,24
674589		9.48	2
674592	19.02	-4.11	53,63
674594	12.55	10.18	41,2
674596	1.46	-3.69	14,44
674598	3.68	9.41	71,49
674599	14.59	7.96	22,34
674600	7.45	8.28	19,43
674602	3.53	-2.76	26,11
674605	19.76	8.96	13,19
674606	10.87	8.72	38,51
674607	3.58	9.11	44,57
674608	12.44	8.38	45,46
674610	3.67	5.20	30,16
674611	13.03	-3.53	1,1
674612	14.55	-2.86	20,16
674615	3.78	-3.67	7,4
674616		8.50	10
674617	14.39	-1.59	29,8
674618		9.31	3
674619	-7.00		1
674620	2.27	-1.08	46,49
674623	3.47	2.66	31,9
674624			
674626		8.76	2
674629	11.92	4.42	38,37
674630	-7.00		1
674631			
674632	4.40	3.12	22,42
674633	4.44	-2.38	8,2
674636			
674637	9.96	-2.94	21,51
674639	12.66	7.87	33,73
674640			
674642	4.54		5
674643	4.27	3.89	37,5
674645	15.07	-4.48	4,3
674646	13.90	9.37	6,4
674647	-6.89		2
674648	3.13	7.83	18,5
674650	2.83	5.77	23,14
674652	3.75	-0.71	27,6
674654	8.83	3.67	15,3
674656	10.48	9.80	10,4
674657	15.70	-1.80	1,1
674658	19.61	7.50	9,11
674659	14.09	9.67	7,4
674660		-0.60	5
674661		9.20	3
674662		-7.04	29
674663	-3.24	-1.92	29,22
674665	19.07	-2.44	3,17
674666		9.87	5
674669	15.70	-1.80	1,1
674671		9.80	11
674672	1.86		38
674673		5.31	46
674675	13.89	9.52	9,3
674676		6.77	15
674678	-7.00		1
674679		12.55	4
674680	3.65	-3.42	15,2
674682	-7.00		1
674683	13.63	-3.39	37,37
674684	18.87	-4.81	5,4
674685	1.22	2.45	13,41
674686	5.69	9.42	32,13
674687	6.05		2
674688	1.86	-6.74	26,17
674690			
674691	11.23	10.24	52,43
674694	2.13	-1.67	31,5
674695	3.17		1
674696	14.09	9.67	8,5
674698	3.78	-3.67	7,4
674699	2.35	5.66	17,14
674700	13.62	8.00	15,6
674701		9.05	19
674702	10.22	0.33	10,8
674707	9.40	5.58	13,4
674708		-6.72	5
674709	3.24	7.44	29,15
674710	12.55	3.62	9,7
674711	3.06	-0.03	12,13
674712		-4.35	23
674713	1.18	-3.39	37,25
674714	2.65	-1.67	2,8
674715		-7.02	11
674716		9.77	7
674719	2.77	4.26	24,6
674720		8.76	2
674721	2.74	1.58	20,15
674722	13.69	-3.37	12,12
674723	5.56	-6.90	9,18
674724	13.65	8.23	7,4
674725	12.58	-2.85	28,6
674727		10.30	5
674728	0.27	9.43	26,2
674729	11.20	3.60	18,6
674730	5.41	9.44	24,6
674731	12.54	9.83	36,13
674732		9.78	3
674733		10.01	4
674734		9.77	2
674738		7.97	12
674739	14.58	8.24	21,6
674740	1.17		5
674741	14.53	-3.15	8,7
674742	10.91	10.15	7,13
674743	15.59	8.21	2,5
674745	10.07	8.21	12,3
674746		9.55	2
674747	13.03	-0.32	11,11
674749		7.09	12
674750	13.95	-2.87	28,17
674751	4.54		5
674752	13.50	9.79	8,1
674753	8.48		11
674754		8.88	15
674755	4.00	-2.08	2,12
674756	12.86	8.18	26,21
674757	4.19	-4.83	19,3
674758	17.91	-1.51	26,26
674759	9.50	8.85	12,1
674760		8.88	3
674761	14.39	-2.76	29,25
674763	8.84	9.70	11,4
674764	13.91	9.57	15,17
674765	6.93	-3.32	14,7
674768		9.87	15
674769	9.69	8.91	13,2
674770	11.22	8.68	10,5
674771	3.49	-4.26	31,41
674772		-7.17	6
674773	13.68	9.62	25,32
674776	18.78	9.12	3,10
674777	6.05		3
674778	8.21	9.22	25,5
674779	13.84	9.32	2,6
674780	11.62	-2.99	10,1
674782	3.62	5.20	31,17
674783		8.94	3
674784	14.00	9.33	6,3
674787		6.74	18
674788	14.09	9.67	9,5
674789		-3.55	6
674790	2.17	-4.24	35,20
674791	14.09	9.67	12,14
674792		8.96	4
674793	3.05	-4.19	13,6
674794	15.00	7.93	6,13
674795	12.58	-2.85	12,22
674796	13.63	-3.39	26,26
674798	8.22	12.14	16,18
674799	17.81	-4.81	34,21
674801	10.16	1.76	4,19
674802	11.99	-4.11	19,19
674803	3.39	-4.87	28,14
674804	19.29	-4.77	1,17
674805		7.88	18
674806	3.09	-6.33	31,25
674807		8.40	22
674810	-2.72	4.91	34,4
674811		7.28	7
674812	2.72	-4.33	9,1
674813	2.06	9.93	14,3
674814	1.29	9.51	21,2
674815	3.80	-2.27	15,20
674816	14.88	-2.85	28,28
674817			
674819	9.87	2.32	16,1
674820	15.42	2.57	13,4
674821	14.08	9.76	9,5
674822	10.28	11.01	22,4
674823	12.55	9.97	43,3
674824	9.78	9.02	20,11
674825	4.33		9
674826		7.29	19
674827		7.23	9
674828	12.44	-3.39	30,25
674829	13.63	-3.39	39,39
674830	5.56	-6.90	9,18
674831			
674832	2.58	6.68	28,3
674833	11.22	-3.01	12,16
674834		3.12	34
674836	14.04	6.48	6,4
674838	14.36	8.77	16,25
674840	11.44	-1.81	24,18
674841	13.56	8.21	26,11
674842	11.54	9.27	14,7
674844	9.86	8.98	24,14
674846		5.55	1
674847	4.36	-1.63	30,8
674849	14.09	9.67	12,14
674850	2.52	-3.95	21,6
674851	13.89	9.52	8,2
674852	14.47	10.05	14,6
674853		8.56	26
674854	8.48		16
674855		8.67	12
674857	11.53	-4.31	14,14
674858	5.94	-0.88	16,29
674859	13.55	-3.39	31,31
674860	12.61	-2.85	13,34
674861	19.56	1.92	1,19
674862	15.12	7.46	1,7
674863		10.25	5
674865	9.93	9.28	30,14
674866	17.33	7.16	11,9
674867		8.93	23
674869		12.41	4
674871	10.01	9.01	17,5
674873	15.24		11
674876	1.80		6
674878		9.47	2
674879	4.54		5
674880	-3.03		2
674881	9.35	4.24	24,11
674883	11.00	-2.79	7,17
674884	16.64		15
674885	19.93	-2.95	14,16
674886	16.21	10.11	2,10
674887	3.53	-2.76	44,29
674888	11.38	7.09	45,3
674889	15.01	7.85	6,13
674890		8.86	1
674891	14.49	9.04	10,5
674892	15.50	5.54	15,5
674895	3.09	-3.84	18,12
674896	0.09	9.59	27,9
674897	19.28	-4.73	22,26
674898	14.09	9.67	8,5
674899		9.42	4
674900	14.52	9.79	9,2
674901	11.05	-4.53	15,15
674902		7.88	15
674903		10.21	3
674904	14.81	-2.85	28,28
674906	9.76	6.19	14,27
674907		10.01	4
674910		8.81	2
674912		9.48	2
674913	3.25	4.06	24,6
674914	14.35	-1.26	27,5
674915		9.76	3
674916	11.72	7.44	24,29
674918		8.87	3
674919	1.18	-2.85	27,34
674920	12.56	-0.16	28,15
674921		9.60	4
674922	3.34	7.44	31,20
674923	13.18	8.87	8,3
674924	10.33	-5.45	14,14
674925		8.87	2
674926	13.81	-3.30	25,25
674927	8.02	9.18	38,11
674928	7.54	4.82	16,20
674929		-6.04	1
674930	12.69	-2.39	8,15
674931	-1.75	-7.48	18,27
674933	8.48		14
674935	19.12	9.45	13,12
674937	16.40	8.24	19,16
674938	3.63	6.93	19,6
674939	18.10	-3.71	13,20
674940	14.80	-2.85	39,39
674941	4.42		6
674942	3.29	-6.29	39,33
674943	2.83	-3.73	20,12
674944		-4.49	13
674946	3.19	4.17	22,4
674947		10.30	2
674948	13.18	7.09	13,19
674950	9.07	9.69	12,2
674951	5.62	-2.77	13,9
674952		6.08	3
674953	13.41	9.76	17,6
674954	17.11	8.37	12,3
674955		9.85	20
674956	-1.40	-2.07	34,28
674957		8.76	11
674958	15.12	7.82	2,8
674959	0.66	9.94	20,7
674961	12.57	-3.39	9,30
674962	3.70	5.20	36,17
674963	13.73	-2.85	37,28
674964	2.93	-0.02	12,13
674965	1.18	-2.85	35,8
674966	4.54		5
674967	10.99	4.07	13,17
674968	3.53	7.43	31,19
674969	3.03	7.44	21,2
674970	3.13	4.16	22,4
674971	16.19	10.42	10,4
674973	18.85	6.86	16,17
674974		8.87	3
674975	15.15	-2.74	24,24
674977	10.12	9.40	13,5
674978	11.53	-4.32	13,13
674979	9.03	9.68	13,4
674981	4.54		6
674983	17.24	9.56	8,2
674984	1.99	4.16	18,6
674986	13.82	9.30	2,6
674987	3.91	-0.92	34,24
674988	2.19	10.20	14,3
674989		9.29	23
674990	6.45	-3.84	23,12
674991	15.46	8.07	25,22
674992	3.49	-5.94	37,12
674993	0.70	-5.08	9,5
674994	3.54	5.00	31,24
674995		7.67	12
674996	2.33	-4.53	16,5
674997	2.55	9.14	37,1
674998		8.88	10
674999		-6.89	4
675000		6.77	17
675001	5.80	-1.40	16,12
675002	14.16	6.53	11,13
675003	19.36	8.19	25,2
675005	1.56	9.50	10,7
675007	10.55	2.17	10,18
675008	2.53	9.14	24,21
675009	4.54		5
675010		10.05	5
675011		7.58	3
675012	10.12	9.40	15,6
675014	14.09	9.63	8,5
675015	13.64	-3.39	24,24
675016	7.20	-7.82	15,12
675017	14.42	8.91	16,12
675018	13.82	9.30	7,11
675019	16.64	8.32	3,21
675020	15.15	6.95	21,2
675022	2.84	6.24	17,2
675024	3.37		1
675025		8.40	22
675026	11.74	-1.66	25,24
675027	1.47		25
675030		5.65	9
675031	17.33	7.16	12,10
675032	3.66	-2.85	24,30
675033		9.80	3
675034	3.09		1
675035	3.09		1
675037	3.04	4.14	22,4
675038	15.25	9.32	3,10
675040		8.87	2
675042	19.93	7.24	26,8
675044	16.12	7.83	7,11
675047			
675048	12.37	7.97	31,10
675049	3.23	-1.54	18,37
675050	13.78	9.19	17,26
675052	19.09	-4.81	10,14
675053		9.20	3
675054	13.61	9.28	13,16
675055	3.59	-1.31	1,7
675059	13.15	6.23	16,4
675060	13.74	-2.85	35,26
675061	10.16	7.48	21,7
675062	15.39	7.34	9,4
675063	12.45	2.24	25,4
675064	3.60	7.79	2,9
675066	14.09	9.67	15,17
675067	3.63	5.47	31,14
675068	13.60	-3.40	12,12
675069	3.38	-1.73	24,29
675070	0.30	9.48	25,2
675071		7.51	16
675072	3.63	5.47	32,15
675075	3.84	-7.79	9,21
675076	2.13	-1.68	35,21
675078	13.59	2.39	22,44
675079		-5.74	1
675080	13.89	-0.25	14,8
675081	2.26		9
675082		-3.64	5
675083	10.39	9.62	16,24
675085	4.30	-4.40	24,30
675086		9.73	14
675089	3.18	4.33	32,36
675090	17.83	-4.86	31,18
675092	4.85		15
675093		8.69	9
675097	19.28	-4.73	13,17
675098		-7.25	11
675099	12.44	-3.33	27,31
675100	10.11	8.88	2,10
675101	11.24	9.54	2,16
675102	17.59	-1.66	18,18
675103	10.35	9.57	2,10
675104	10.01	9.01	16,4
675105		8.39	2
675106		7.58	2
675107		10.47	3
675110		8.77	10
675111	9.15	9.81	22,5
675112	10.27	9.24	16,5
675113	8.18	7.14	22,4
675114		8.86	18
675116	17.59	-1.66	28,28
675118	14.03	8.74	15,12
675119	12.02	3.12	9,10
675120	18.40	4.97	11,12
675122		7.06	15
675123	2.28	-1.76	36,20
675124	19.14	-0.26	15,21
675125		8.78	2
675126	-6.72	0.73	9,13
675128	14.09	9.66	10,6
675129	15.89	10.21	11,21
675130	15.99	7.20	45,30
675131	4.00	-2.08	9,19
675133	9.96	-2.88	57,85
675138	14.50	9.38	25,20
675140		8.86	1
675141	3.60	7.79	3,10
675143	8.84	-4.36	4,3
675261	3.91	-0.92	33,23
675679	10.11	8.87	10,2
675680	9.08	9.79	34,6
675681		11.75	3
675682	13.52	8.90	2,5
675683	13.74	8.76	47,24
675684	10.41	5.07	31,18
675685	4.38	6.65	10,11
675686	18.29	8.22	3,4
675691	12.86	6.30	21,8
675692	2.38	-6.32	23,38
675694	14.74	7.90	25,2
675695	1.55	9.99	121,12
675696	3.10	-4.93	22,4
675697	3.28	2.03	32,7
675698		7.16	2
675699	11.97	-3.55	38,29
675700	13.55	-3.39	30,30
675701	12.37	1.55	26,15
675703	13.85	2.73	15,40
675705	12.69	-1.08	1,16
675710	4.10	9.39	1,7
675712	5.64	9.67	29,2
675716	14.98	10.64	19,4
675721	9.90	-3.94	16,24
675724	14.25	5.48	15,10
675726	8.82	4.61	19,22
675728	10.28	9.60	18,10
675730	2.93	6.20	10,6
675731	3.36	-2.27	14,3
675733	0.36	3.79	54,44
675736	16.11	7.83	12,16
675738	12.73	-6.51	18,20
675746	1.49	-2.61	31,15
675750		-4.19	13
675812	9.35	4.16	25,12
675813	13.78	-3.33	22,22
685334	9.73	-0.48	10,29
685974		4.01	21
691867	7.17	3.20	7,20
694073	15.12	-2.75	40,40
699405	7.84	-3.32	46,73
699406	10.11	8.59	18,3
699412	4.13	4.86	34,13
699416	13.80	9.23	11,18
699417	3.38	-2.97	20,2
699419	10.28	-2.98	18,2
699421	-2.19	-3.56	97,83
699429	9.33	-3.77	11,39
699431	14.75	9.00	12,3
699433		10.88	3
699435	0.93	7.56	38,9
699436		9.52	18
699437	12.21	7.55	36,48
699446	5.51	-3.93	45,3
699450	18.41	-4.13	9,4
699453	3.71	10.32	12,6
699455		9.52	19
699456	4.36	-1.27	30,8
699457	8.00	9.93	37,27
699461	12.18	5.68	28,22
699470	3.76	-1.28	33,8
699483	19.45	-6.54	14,27
699486		10.54	3
700369	4.85		16
704780	5.87	-1.38	35,10
705121	9.42	10.40	5,2
711939	12.29	9.97	13,24
712273	12.87	4.89	5,33
716337	10.97	4.61	25,24
742171			
794445	7.82	-0.78	10,8
806511	6.99	2.01	12,2
822010	11.43	5.35	7,6
940358	15.24	8.03	14,6
991212	9.68	4.77	8,17
1031364	2.74	5.77	20,3
1037865	11.30	-2.98	8,1
1038352	-6.53	13.99	9,12
1038354	3.22	4.64	26,36
1038355		8.50	28
1038357	14.19	8.60	2,17
1049460		11.75	3
1049461	13.51	4.95	15,12
1051124	3.70	2.85	3,17
1051125		9.76	3
1051131	14.82	9.55	7,8
1051353	4.35	-7.15	18,5
1051355	12.93	5.16	20,18
1064511	11.43	-2.98	11,16
1073669	14.81	9.39	10,12
1078476	3.49	-5.94	41,12
1078532	-2.49	4.08	3,31
1110310	3.17	10.21	22,2
1123018	4.00	-2.84	23,19
1145509		4.62	2
1153493	8.51	9.71	23,14
1158402	13.89	5.51	26,22
1204084	12.09	-2.76	31,26
1229711	13.62	7.82	14,5
1248727	13.89	9.05	13,20
1248730	0.10		3
1248731	9.96	-2.75	57,82
1248732	3.18	4.33	33,37
1248739	15.15	-2.74	20,20
1248748		1.48	2
1277553	10.52	2.02	13,33
1280054	8.61	9.81	20,11
1285392	13.71	5.54	17,12
1285394	14.51	-2.87	21,17
1331852	8.66	1.81	22,14
1336997	1.44	-4.97	20,15
1336998	-3.03		2
1336999	-3.03		3
1347272	19.45	8.56	93,90
1347273	14.78	-2.85	36,36
1347275		7.29	2
1355852	10.46	9.66	19,2
1355854	2.72	-4.33	11,5
1355856	9.70	7.78	27,2
1355857	14.15	9.33	16,25
1355858	18.00	8.61	13,24
1355867	10.36	9.41	11,28
1359037	2.16	-3.90	20,5
1359038	-0.88	-1.53	12,4
1359039	1.99	4.16	18,6
1359040	4.83	-2.71	37,5
1359041	7.25	5.39	21,3
1359198	3.21	-3.69	19,13
1364024	10.17	1.78	4,19
1369603	13.97	-3.25	8,8
1369604	14.18	6.69	39,17
1369605		-7.03	5
1369607		10.12	6
1369608	13.84	9.62	19,15
1369632		9.46	21
1369633	12.05	9.78	36,17
1369635		9.83	14
1369636	13.89	9.05	15,22
1369637	13.89	9.05	15,22
1369640	3.32	-0.64	4,8
1369642	2.65	-7.66	3,8
1369644	15.73	-2.37	1,3
1369646	18.09	-5.90	16,18
1369649	8.75	9.76	83,91
1369651	11.01	4.87	12,18
1369652	13.96	8.05	8,12
1369653	3.26	1.80	35,12
1369655	3.68	2.19	11,4
1369657	15.73	-2.37	1,3
1369658	-1.05	-5.01	12,14
1369659	2.70		8
1376006	3.96	-3.69	8,14
1376008	3.05	-4.19	20,8
1376009		8.68	19
1376011	0.27	9.43	27,3
1376013	8.46	7.13	23,13
1376014	10.26	9.12	16,7
1376065	6.67	1.75	39,6
1376111	12.57	-2.98	37,28
1376138	13.46	5.90	23,6
1377665	15.10	-2.75	1,1
1377883	5.14		11
1377932	10.35	9.02	11,19
1377970	13.61	8.91	23,26
1377978	13.51	8.03	12,3
1377999	7.16	2.91	13,32
1378011	12.60	-3.75	18,18
1378015		-6.57	1
1378036		9.52	18
1378465	13.13	7.07	9,7
1378588	2.13	-1.68	12,5
1379603		-6.53	4
1379795	1.80		6
1379830	1.80		8
1380067	17.91	-1.53	25,25
1380086			
1382812	7.17	9.55	5,3
1383722	7.17	9.55	5,3
1405420	8.61	9.81	19,11
1418014	2.56	6.22	18,3
1418072			
1418074	2.78	5.77	31,3
1418075	3.15	-1.15	22,4
1418084	9.68	4.77	8,17
1418097	15.15	9.39	18,2
1430803		-3.90	14
1449150	12.66	7.87	40,67
1449151	17.04	7.54	14,12
1449158	4.11	4.76	31,21
1449160		9.62	1
1449167	4.56	-2.84	17,13
1449169	9.33	-4.89	13,25
1449175	6.50	-3.79	3,10
1449190		8.59	10
1451141	-3.03		6
1451143	6.05		9
1503107	12.12	7.52	15,10
1503109	8.61	9.81	20,12
1540465	2.83	5.77	23,14
1540576	2.16	-3.90	20,5
