ID	apKa1	bpKa1	atoms
27112	14.09	9.63	7,4
1151932	14.09	9.63	8,4
746559	14.09	9.63	8,4
238255	14.07	6.63	13,15
243521	13.85	8.79	1,22
372315	13.06	9.23	8,4
372316	13.06	9.23	8,4
1591031	13.85	8.79	1,24
1591032	13.85	8.79	1,24
1591033	13.85	8.79	1,24
1591034	13.85	8.79	1,24
372323	14.07	8.04	14,16
1591035	13.79	8.93	1,4
1591036	13.43	9.65	24,8
1591037	14.08	6.65	1,26
1591038	14.08	6.76	14,11
1591039	13.28	8.46	5,2
1591040	13.28	7.96	21,12
1591041	13.28	8.46	7,2
1591042	13.28	7.96	23,13
89331	13.28	7.96	23,13
89345	13.28	8.46	7,2
1591043	13.30	5.42	11,6
1591044	13.28	5.22	11,6
1591045	13.27	6.39	12,6
1591046	13.27	6.39	12,6
1591047	13.27	6.39	12,6
1591048	13.28	4.87	6,3
1591049	13.28	4.87	9,4
1591050	13.27	5.76	10,4
1591051	13.27	5.76	10,4
1591052		4.39	6
1591053		4.39	6
1591054		4.39	6
1591055		4.04	4
1591056		4.64	4
1591057		4.04	4
1591058		4.64	4
1591059		5.28	6
1591060		5.28	6
1591061		5.28	6
1591062		5.28	6
1591063	13.28	5.04	21,16
1591064	13.28	5.04	21,16
1591065		4.20	13
1591066		4.20	13
1591067	13.27	8.42	13,8
1591068	13.27	8.42	13,8
1591069	13.27	8.55	14,8
1591070	13.27	8.55	13,7
1591071	13.27	7.81	14,8
1591072	13.27	7.81	14,8
1591073	0.96	8.99	26,6
1591074	0.96	8.99	26,6
1591075	13.28	4.87	9,4
1591076	14.08	8.56	9,3
1591077	14.08	8.02	1,23
1591078	14.08	9.13	8,4
1591079	14.08	8.02	15,17
1591080	14.07	8.02	14,16
1591081	14.08	6.77	1,23
1591082	14.08	6.47	16,12
1591083	14.08	6.67	16,12
1591084	14.08	6.70	16,12
1591085	14.08	6.74	15,11
1591086	14.08	8.01	1,26
1591087	14.08	6.63	1,23
1591088	14.08	5.83	15,17
1591089	14.08	8.00	7,2
1591090	14.07	5.83	14,16
1591091	14.08	8.55	9,4
1591092	14.08	8.56	9,3
1591093	14.08	8.02	1,23
1591094	14.08	5.83	1,23
1591095	13.74	7.43	27,23
1591096	14.08	8.07	1,23
1591097	14.08	8.79	23,25
1591098	13.06	9.23	8,4
1591099	13.05	7.64	16,12
1591100	14.08	8.12	1,23
1591101	9.19	9.83	15,4
1591102	14.08	6.67	1,23
1591103	14.08	8.04	1,23
1591104	14.08	5.88	1,23
1591105	13.85	7.38	1,24
1591106	14.08	7.38	23,25
1591107	14.08	6.65	1,23
1591108	14.08	9.13	8,4
1591109	13.85	9.83	8,4
1591110	14.08	9.83	23,25
1591111	14.08	8.02	1,27
1591112	14.09	9.37	1,5
1591113	14.08	8.32	1,5
1591114	14.08	9.42	1,5
372358	16.34	8.47	3,21
372364	16.33	7.92	3,20
372365	16.34	9.03	3,22
372370	16.34	9.12	3,23
372371	16.34	9.99	3,24
372298	16.34	9.99	3,25
372299	16.34	9.99	3,26
1591115	14.09	9.52	23,25
1591116	13.85	6.59	1,24
1591117	14.08	6.59	23,25
1591118	14.08	9.63	8,4
1591119	14.08	8.01	1,31
1591120	9.41	8.00	10,24
1591121	14.09	9.42	1,5
1591122	14.07	4.10	1,5
1591123	14.09	9.85	1,5
1591124	9.58	8.94	15,4
1591125	14.07	9.13	8,4
1591126	14.08	8.01	1,34
1591127	9.40	7.99	10,27
1591128	14.08	8.79	25,27
1591129	14.08	8.79	26,28
1591130	13.74	7.43	25,21
1591131	14.08	6.62	1,21
1591132	14.07	8.12	14,16
1591133	13.73	7.43	20,16
1591134	14.08	6.74	15,11
1591135	14.08	6.74	20,22
1591136	14.08	6.74	21,23
1591137	14.08	6.74	15,11
1591138	16.33	7.44	17,26
1591139	14.07	2.56	13,9
1591140	14.08	6.71	15,11
1591141	14.08	6.73	11,13
1591142	14.08	6.75	10,12
1591143	14.07	3.93	1,5
1591144	14.07	-0.36	1,5
1591145	14.06	-1.24	9,4
372372	16.34	6.82	3,22
372373	16.34	7.51	25,11
1591146	14.06	-0.94	8,28
1591147	14.08	5.83	1,27
1591148	14.07	9.13	8,4
1591149	13.73	7.43	21,17
1591150	13.73	7.43	31,27
1591151	14.07	5.85	13,15
1591152	14.07	8.04	13,15
1591153	14.07	6.65	13,15
1591154	14.08	5.75	1,23
1591155	14.08	8.07	12,14
1591156	14.08	6.67	12,14
1591157	14.08	5.88	12,14
1591158	14.08	6.60	26,2
1591159	14.09	9.63	8,4
1591160	14.08	9.27	10,6
1591161	14.08	9.35	1,5
1591162	14.08	6.67	15,11
1591163	14.07	8.01	1,17
1591164	14.08	9.19	11,7
1591165	14.07	8.03	1,17
1591166	14.08	8.01	1,25
1591167	14.08	8.03	1,25
1591168	14.08	6.75	14,10
1591169	14.08	6.69	16,12
1591170	14.08	5.82	1,25
1591171	13.75	7.86	3,7
1591172	13.75	6.78	15,11
1591173	13.75	6.91	14,10
1591174	13.75	7.41	3,10
1591175	13.75	5.69	3,7
372340	16.32	-4.93	16,7
372341	3.41	-4.94	1,5
1591176	14.08	6.80	12,14
1591177	14.08	6.76	14,10
1591178	14.08	6.78	12,14
1591179	14.07	6.78	13,15
1591180	15.22	-4.80	3,5
1591181	15.33	-4.85	4,6
1591182		9.14	14
1591183		9.17	7
1591184	14.07	6.76	13,15
1591185	14.07	6.76	14,16
1591186	14.08	6.80	14,10
1591187	14.08	6.71	22,24
1591188	14.08	7.99	22,24
1591189	14.08	6.74	22,24
1591190	14.06	6.73	11,13
1591191	14.07	6.75	15,17
1591192	14.06	6.01	15,17
1591193	14.07	6.74	14,16
1591194	14.07	6.76	15,17
1591195	14.06	6.68	16,18
1591196	14.08	6.72	25,27
1591197	14.09	9.42	12,14
1591198	14.08	6.76	15,11
1591199	14.09	9.42	1,5
1591200	14.08	6.78	14,10
1591201	14.08	5.85	1,23
1591202	14.09	9.42	1,5
1591203	13.73	7.43	35,31
1591204	14.08	5.72	15,11
1591205	14.07	9.13	8,4
1591206	13.85	8.15	1,27
1591207	14.08	8.15	23,28
1591208	13.85	7.49	15,11
1591209	14.08	7.49	23,25
1591210	13.85	7.51	14,10
1591211	14.08	6.63	15,17
1591212	14.07	9.13	15,17
1591213	14.08	8.01	15,20
1591214	14.08	6.74	15,17
1591215	14.08	9.42	15,17
1591216	14.07	5.85	15,17
1591217	14.07	9.13	8,4
1591218	14.07	6.64	15,17
1591219	14.07	6.77	15,17
1591220	14.08	8.04	10,12
1591221	14.08	5.84	10,12
1591222	14.08	6.64	10,12
1591223	14.08	6.77	10,12
1591224	9.42	5.92	6,12
1591225	13.60	5.84	6,12
1591226	13.78	7.04	1,24
1591227	13.77	7.05	24,17
1591228	14.07	6.72	16,12
1591229	13.60	5.85	25,17
1591230	14.07	6.81	15,17
1591231	14.08	6.67	1,21
1591232	14.08	6.78	15,11
1591233	14.08	6.80	14,10
1591234	14.08	6.80	13,15
1591235	14.08	6.67	13,15
1591236	14.08	6.78	13,15
1591237	14.08	8.07	13,15
1591238	14.08	5.88	1,27
1591239	14.08	6.75	14,10
1591240	14.08	5.82	1,21
1591241	14.08	6.63	1,27
1591242	14.08	5.88	1,21
1591243	14.08	8.07	1,21
1591244	14.08	9.13	13,15
1591245	14.08	6.65	1,21
1591246	14.08	6.78	14,10
1591247	14.08	8.04	1,21
1591248	14.08	6.76	15,11
1591249	14.08	6.80	14,10
1591250	14.08	6.67	1,27
1591251	14.08	6.78	15,11
1591252	14.08	6.78	14,10
1591253	14.08	9.13	8,4
1591254	14.08	5.85	1,21
1591255	14.08	8.07	1,27
1591256	14.08	9.13	8,4
1591257	14.08	5.85	1,27
1591258	14.08	8.04	1,27
1591259	14.08	9.13	8,4
1591260	14.45	9.35	8,4
213821	7.83	4.62	3,9
1591261	14.45	7.26	19,21
1591262	14.45	9.35	8,4
1591263	14.08	9.13	8,4
1591264	13.52	10.05	19,4
213762		3.11	17
1591265	5.30	10.72	17,4
1591266	14.46	9.68	8,4
1591267	14.46	9.68	8,4
1591268	14.46	9.62	8,4
1591269	14.46	9.71	21,23
1591270	14.46	9.70	9,5
1591271	14.46	9.71	18,20
1591272	14.46	9.62	8,4
1591273	14.46	9.62	8,4
1591274	14.46	9.71	19,21
1591275	14.46	9.68	8,4
1591276	14.07	9.63	8,4
89341	13.27	7.84	15,19
1591277		7.19	2
1591278		6.04	18
89342	13.28	4.79	14,9
89311	13.27	5.43	21,9
1591279	13.27	7.66	10,2
1591280	13.27	7.61	15,16
1591281	13.27	6.39	12,6
1591282		7.56	12
1591283	13.82	7.34	19,12
1591284	13.82	8.26	11,3
1591285	13.82	7.92	6,9
1591286	13.83	8.32	6,9
1591287	13.82	8.00	6,12
1591288	13.83	8.71	6,9
1591289	18.32	8.59	4,25
1591290	13.83	10.35	17,3
1591291	18.33	10.34	30,3
1591292	13.28	5.22	11,6
1591293	11.99	-0.79	12,12
1591294	11.99	4.76	13,28
1591295	11.99	-0.79	11,11
1591296	11.99	-0.79	11,11
1591297	11.99	-0.79	15,15
1591298	11.99	-0.79	15,15
371317		-0.30	7
1591299		4.09	22
1591300	8.03	5.13	17,2
371381	10.95	-0.13	11,10
371500	13.75	1.11	19,14
371332	13.45	1.10	19,14
371289	13.00	1.10	14,19
1591301	11.98	-0.79	14,14
1591302	11.98	-0.39	10,16
371316	11.99	-0.79	13,13
243976	14.08	8.07	11,13
243663	14.07	5.85	12,14
238220	14.08	5.83	14,16
371453	14.07	5.83	13,15
371452	14.08	6.74	21,23
371431	14.08	6.76	13,10
371509	13.45	1.10	17,12
371508	13.45	1.10	13,18
371501	12.89	1.10	19,14
371500	13.75	1.11	19,14
371289	13.00	1.10	14,19
371358	11.99	-0.79	13,13
371350	11.99	-0.79	12,12
371334	11.99	-0.79	11,11
371326	11.99	-0.79	11,11
371318	11.98	-0.79	13,13
371305	11.99	-0.79	10,10
371282	11.99	4.76	12,27
371270	11.99	-0.79	10,10
371269		3.61	2
371382		2.68	13
371381	10.95	-0.13	11,10
371380	9.26	1.00	21,9
371373	4.77	-3.94	8,7
371371	14.20	-2.94	9,11
371355		4.75	19
371340	10.59	0.97	10,17
371333	11.98	-0.39	10,16
371332	13.45	1.10	19,14
371325	8.03	5.13	16,2
371324		8.16	17
371323	7.16	-3.55	12,16
371317		-0.30	7
27112	14.09	9.63	7,4
243520	13.74	7.43	26,22
153209	14.08	5.83	1,22
152682	14.08	8.56	8,3
153501	14.08	8.55	8,4
238279	14.08	8.00	6,2
238255	14.07	6.63	13,15
153168	14.08	6.63	1,22
243963	14.08	8.01	1,25
153167	14.08	6.74	14,11
153604	14.08	6.70	15,12
244049	14.08	6.67	15,12
244190	14.08	6.47	15,12
244380	14.08	6.77	1,22
152683	14.07	8.02	13,15
243791	14.08	8.02	14,16
153601	14.08	9.13	7,4
153570	14.08	8.02	1,22
153502	14.08	8.56	8,3
243373	14.08	8.07	1,22
372333	14.08	6.74	14,11
244077	13.73	7.43	19,15
372328	14.07	8.12	13,15
243755	14.08	6.62	1,20
243754	13.74	7.43	24,20
372325	14.08	8.79	23,25
243922	14.08	8.01	1,33
244546	9.58	8.94	14,4
244247	14.09	9.85	1,4
244351	14.07	4.10	1,4
243941	14.09	9.42	1,4
243828	9.41	8.00	9,23
244419	14.08	8.01	1,30
243826	14.08	9.63	7,4
243609	14.08	6.59	21,23
244127	13.85	6.59	1,22
372302	14.09	9.52	21,23
372299	16.34	9.99	3,26
372298	16.34	9.99	3,25
372371	16.34	9.99	3,24
372370	16.34	9.12	3,23
372365	16.34	9.03	3,22
372364	16.33	7.92	3,20
372358	16.34	8.47	3,21
244553	14.08	9.42	1,4
372312	14.07	7.58	1,22
244547	14.09	9.37	1,4
244046	14.08	8.02	1,26
244124	14.08	9.83	21,23
244044	13.85	9.83	7,4
243397	14.08	9.13	7,4
244516	14.08	6.65	1,22
244125	14.08	7.38	21,23
243399	13.85	7.38	1,22
243803	14.08	5.88	1,22
244517	14.08	8.04	1,22
243398	14.08	6.67	1,22
243859	9.19	9.83	14,4
372321	14.08	8.12	1,22
238309	13.05	7.64	15,12
372316	13.06	9.23	8,4
372315	13.06	9.23	8,4
238219	13.06	9.23	7,4
372311		9.29	20
244126	14.08	8.79	21,23
243521	13.85	8.79	1,22
372337	14.08	6.74	19,21
372320	14.09	9.42	1,4
372319	14.08	5.85	1,22
372314	14.08	6.78	13,10
372313	14.09	9.42	1,4
372310	14.08	6.76	14,11
372309	14.09	9.42	11,13
372304	14.08	6.72	24,26
372303	14.06	6.68	15,17
372301	14.07	6.76	14,16
372300	14.07	6.74	13,15
372297	14.06	6.01	14,16
372296	14.07	6.75	14,16
372375	14.06	6.73	10,12
372374	14.08	6.71	21,23
372369	14.08	6.80	13,10
372368	14.07	6.76	13,15
372363	14.07	6.76	12,14
372362		9.17	5
372361		9.14	12
372352	15.33	-4.85	3,4
372351	15.22	-4.80	3,4
372350	15.94	5.02	1,14
372345	14.08	6.78	11,13
372344	14.08	6.80	11,13
372341	3.41	-4.94	1,5
372340	16.32	-4.93	16,7
372339	13.75	7.86	3,6
372335	14.08	6.75	12,9
372334	14.08	8.03	1,23
372330	14.08	8.01	1,23
372329	14.07	8.03	1,16
372327	14.08	9.19	9,6
372326	14.08	8.01	12,14
372323	14.07	8.04	14,16
372322	14.08	6.67	14,11
372318	14.08	9.35	1,4
372317	14.08	9.27	8,5
244559	14.08	5.88	11,13
244560	14.08	6.67	11,13
372308	14.08	5.75	1,22
243664	14.07	6.65	12,14
244482	14.07	8.04	12,14
244485	13.73	7.43	30,26
243757	13.73	7.43	20,16
244521	14.07	9.13	7,4
244518	14.08	5.83	1,26
372295	14.06	-0.94	7,27
372373	16.34	7.51	25,11
372372	16.34	6.82	3,22
372367	14.06	-1.24	8,4
372366	14.07	-0.36	1,4
372360	14.07	3.93	1,4
372359	14.08	6.75	9,11
372349	14.08	6.73	10,12
372348	14.08	6.71	14,11
244192	14.07	2.56	12,9
372343	16.33	7.44	16,25
372338	14.08	6.74	20,22
